0 0
1 0
2 0
3 0
4 1
5 1
6 1
7 1
8 1
9 1
10 1
11 1
12 2
13 2
14 2
15 2
16 2
17 2
18 2
19 2
20 2
21 2
22 2
23 3
24 3
25 3
26 3
27 3
28 4
29 4
30 4
31 4
32 4
33 4
34 4
35 4
36 4
37 4
38 4
39 5
40 5
41 5
42 5
43 5
44 6
45 6
46 6
47 6
48 6
49 6
50 6
51 6
52 7
53 7
54 8
55 9
56 10
57 10
58 10
59 10
60 11
61 11
62 11
63 11
64 11
65 11
66 12
67 13
68 13
69 13
70 13
71 13
72 13
73 13
74 13
75 13
76 13
77 13
78 13
79 13
80 13
81 13
82 13
83 13
84 13
85 13
86 13
87 14
88 15
89 16
90 17
91 17
92 17
93 17
94 18
95 18
96 18
97 19
98 19
99 20
100 20
101 21
102 22
103 23
104 23
105 24
106 24
107 24
108 24
109 25
110 25
111 26
112 26
113 26
114 26
115 27
116 27
117 27
118 28
119 28
120 29
121 29
122 29
123 29
124 29
125 29
126 29
127 29
128 29
129 30
130 30
131 30
132 30
133 31
134 31
135 31
136 31
137 32
138 32
139 32
140 32
141 32
142 32
143 32
144 32
145 32
146 32
147 32
148 32
149 33
150 34
151 34
152 35
153 35
154 36
155 36
156 37
157 37
158 37
159 38
160 39
161 39
162 39
163 39
164 39
165 40
166 40
167 40
168 41
169 41
170 41
171 41
172 41
173 41
174 42
175 43
176 43
177 43
178 43
179 43
180 43
181 44
182 44
183 44
184 44
185 44
186 44
187 44
188 44
189 44
190 44
191 44
192 44
193 44
194 44
195 44
196 44
197 45
198 46
199 46
200 46
201 46
202 46
203 46
204 47
205 48
206 48
207 48
208 48
209 48
210 49
211 49
212 49
213 49
214 50
215 50
216 51
217 51
218 51
219 51
220 51
221 51
222 51
223 51
224 52
225 52
226 52
227 52
228 53
229 54
230 54
231 54
232 54
233 54
234 54
235 54
236 55
237 55
238 55
239 55
240 55
241 55
242 56
243 56
244 57
245 58
246 58
247 58
248 58
249 58
250 58
251 59
252 59
253 60
254 60
255 60
256 60
257 60
258 60
259 60
260 61
261 62
262 62
263 63
264 63
265 64
266 64
267 64
268 64
269 64
270 64
271 65
272 66
273 66
274 66
275 66
276 66
277 67
278 67
279 67
280 67
